"","Service_Quality","Travel_Experience_Affect","Cognitive_Evaluation","Subjective_Well_Being","Customer_Loyalty","Willingness_to_Pay"
"Service_Quality",1,0.755,0.586,0.633,0.772,0.74
"Travel_Experience_Affect",0.755,1,0.804,0.854,0.803,0.654
"Cognitive_Evaluation",0.586,0.804,1,0.816,0.735,0.401
"Subjective_Well_Being",0.633,0.854,0.816,1,0.781,0.607
"Customer_Loyalty",0.772,0.803,0.735,0.781,1,0.772
"Willingness_to_Pay",0.74,0.654,0.401,0.607,0.772,1
